Galaxy 	 RA 	 Dec 	 n 	 [CII]Lum 	 [CII]Lerr 	 [NII]Lum 	 [NII]Lerr 	 fneut 	 fneut_err 	 LTIR 	 TIRerr 	 70160 	 70160_err 	 area 	 cosi 	 SFR 	 SFRerr 	 [OI]Lum 	 [OI]Lerr	 log10(G0) 	 err_log10(G0) 	 log10(n) 	 errlog10(n) 
ngc0628e00	24.1883	15.7969	27.4157360326	4.9140300000000005e+39	4.918350176949999e+38	5.2292e+38	1.58665963182e+38	0.62247866772	0.07508322585060001	1.337407832e+42	3.71970093395e+40	1.66705872197	0.118658393829	1.53117129006	0.910412868924	0.0759966	0.0027826560346100003	2.07107e+39	4.1192e+37	2.5	0.39543342987400004	3.13021315	0.19636865095400002
ngc2798nuc	139.345	42.0	77.0894606472	4.0559000000000004e+41	4.0566057951599996e+40	2.35769e+40	7.09211554168e+39	0.7998799285879999	0.0507427872273	2.779856199e+44	8.16172825688e+42	3.3642980803299998	0.239196781666	19.6606646898	0.360127465313	13.63904324	0.5414898798860001	2.24121e+41	4.16082e+38	1.80383924	0.760137100927	3.43007307	0.346845109551
ngc2976e00	146.78	67.9322	61.5171467283	4.25369e+39	4.25401646138e+38	1.06237e+38	3.21828030082e+37	0.913707539548	0.025153079814499997	1.0482227310000001e+42	3.05790616814e+40	1.99497854063	0.141256080044	0.372233529766	0.419385711488	0.0437183862	0.0016230342085299999	1.17291e+39	8.24135e+36	0.65909326	0.622632100299	3.58806671	0.365477794914
ngc3049nuc	148.707	9.27167	114.550221515	6.0399e+40	6.0439038685e+39	2.4438900000000002e+39	7.66326114748e+38	0.8574840920029999	0.0402235562346	2.0872406640000002e+43	5.860597360569999e+41	2.71236068848	0.19297534719599999	10.8883291738	0.643008067601	1.30263536	0.0470072463634	2.4228800000000004e+40	2.7288900000000002e+38	2.37897137	0.53577518023	3.0	0.243428465147
ngc3351nuc	160.991	11.7036	241.544881568	4.43402e+40	4.43442104493e+39	3.37727e+39	1.0142073231600001e+39	0.718263296332	0.0640511303075	2.5985071810000002e+43	7.54896634249e+41	2.24409537529	0.158959234091	2.57111837407	0.659052349969	1.11519226	0.0426685020162	1.8381400000000001e+40	5.97372e+37	1.22368542	0.8826684182960001	3.58253523	0.475144830758
ngc3521nuc	166.453	-0.03472	31.476989083499998	3.9489000000000003e+40	3.94960672185e+39	2.7351800000000003e+39	8.25652697383e+38	0.761663413243	0.0577276932207	1.1391161714e+43	3.63451396844e+41	1.1377800574799999	0.080487332152	3.70505645497	0.43183716066699995	0.263552768	0.010151594681299999	6.4831e+39	1.17398e+38	2.0	0.21690722264899998	2.34828671	0.229557469396
ngc3627e02	170.06900000000002	12.9783	101.390077265	7.645980000000001e+40	7.64639258756e+39	5.2520800000000005e+39	1.57673844871e+39	0.762807947306	0.0572524486867	2.4532071680000004e+43	7.12451213783e+41	2.06953507279	0.146676058119	2.59874975412	0.44186955437299996	1.00231539	0.0394108040663	2.21784e+40	6.66176e+37	1.11670417	0.606239106101	3.3796087999999997	0.31789772926300003
ngc4254nuc	184.706	14.4153	43.350579438900006	1.031e+41	1.03105867816e+40	8.44883e+39	2.53970564976e+39	0.7179026523250001	0.0641573153789	2.723281047e+43	8.498529909409998e+41	1.41506239405	0.10009513605900001	6.12468516026	0.865207706276	0.687905344	0.026051231628200004	2.14808e+40	1.55424e+38	0.98326925	0.6029648380899999	3.4537392999999996	0.35672123621299995
ngc4321nuc	185.729	15.8219	62.5160518549	1.06513e+41	1.06520598673e+40	1.2478400000000002e+40	3.74647387158e+39	0.596441142765	0.0761703398521	4.2773208640000003e+43	1.30472820856e+42	1.6766802697799998	0.11863550304199999	6.03991545342	0.844221164743	1.3367554	0.0481595231878	3.0512500000000004e+40	1.32205e+38	2.64023227	0.420146960408	2.75	0.256990103433
ngc4536nuc	188.613	2.1886099999999997	623.7341936619999	3.0044900000000003e+41	3.0049324256e+40	3.8525400000000003e+39	1.16183161838e+39	0.9432672886200001	0.017002900305000002	1.0901357750000002e+44	3.24197300407e+42	3.0884288053099995	0.218690966437	6.21004559676	0.385044640269	4.612524006	0.183769725522	1.48655e+41	1.99137e+38	2.36561755	0.312177609533	3.0	0.140414716287
ngc4631nuc	190.532	32.5431	83.5601378597	6.70094e+40	6.70110248296e+39	2.22818e+39	6.6932822579e+38	0.8838935978929999	0.0324913777141	1.6420683730000002e+43	4.9223636229700005e+41	2.13627868387	0.151127438797	1.7150181762099999	0.11664450434000001	0.553366844	0.021623698386400002	1.602e+40	3.22615e+37	0.46447693	0.630818650021	3.70970192	0.42514477009900004
ngc4736e01	192.735	41.1192	151.355139103	1.04344e+40	1.04349016839e+39	2.7699400000000003e+38	8.370357952129999e+37	0.8942064751090001	0.030111901110999997	2.873196253e+42	8.70450774636e+40	2.23520640591	0.15815715770400002	0.641402454987	0.8042653220999999	0.10502398	0.00367148511355	3.3872e+39	1.26723e+37	1.18062496	0.564181653069	3.47527779	0.31285699679699996
ngc4826nuc	194.18099999999998	21.6842	96.6048310909	1.7859100000000002e+40	1.78618704657e+39	1.51426e+39	4.5459190534899994e+38	0.69832297971	0.06666153447100001	1.1533971456000001e+43	3.68619766442e+41	1.9408188922999998	0.13726736763	0.820313794789	0.508643006767	0.226794398	0.008789011567389999	5.84474e+39	1.8223100000000002e+37	2.75	0.516998723609	2.57876436	0.322678557105
ngc5055nuc	198.954	42.0289	19.81492106	2.27127e+40	2.27154723157e+39	2.27269e+39	6.8290626631e+38	0.638698408101	0.0730803765684	1.1594757736e+43	3.82333601507e+41	1.3551906871700001	0.0958674481847	1.86208623346	0.5649053866089999	0.167750868	0.00637742336775	4.82558e+39	4.37616e+37	2.5	0.23549531794300002	2.30074772	0.262123256495
ngc5457nuc	210.803	54.3478	0.277113711838	5.3009600000000005e+39	5.30269871604e+38	1.0085500000000001e+39	3.03934722813e+38	0.34443620909999995	0.208159082436	1.639159265e+42	5.128742274690001e+40	1.30523444414	0.09257889608439998	1.32589273169	0.9301036008600001	0.046940654000000005	0.00164659361529	9.88671e+38	1.39816e+37	0.27571102	0.7400912343539999	4.09961217	0.429531119145
ngc5713nuc	220.047	-0.28944000000000003	77.2664809293	3.39631e+41	3.39652183031e+40	1.50553e+40	4.5244962220099996e+39	0.8474023047499999	0.04095661406369999	1.3057353630000001e+44	3.81512796556e+42	2.4578625607099998	0.17410738758900002	13.488629593299999	0.886167426807	5.55239182	0.21541398878	1.6469e+41	3.90117e+38	2.2710391	0.197779474124	3.0	0.11384920465199999
ngc5866nuc	226.623	55.7622	8.871439206960002	2.2411e+40	2.24407599784e+39	4.35476e+39	1.31673460829e+39	0.16307148579000003	0.043470754329	2.4269938252e+43	8.327086594269999e+41	1.35963073852	0.09645479419110001	6.9141953567	0.399609462489	0.17561581	0.00674939066014	5.0468000000000005e+39	1.94241e+38	3.8533322	0.416391985282	3.0	0.30194192936500003
ngc7331nuc	339.267	34.4147	15.452343051500002	7.60242e+40	7.603513442440001e+39	9.194240000000001e+39	2.76082494074e+39	0.562408525756	0.0778912406383	2.3283031350000003e+43	7.490028991310001e+41	1.3727593074899997	0.0970956496224	6.21004559676	0.299348250371	0.43465298799999996	0.0169644924538	1.30826e+40	1.7761500000000006e+38	2.39349092	0.221350568676	2.5	0.207688766499
NGC2798a	139.34624	41.99994	0.420634842065	2.0213597806e+41	2.0278050628900002e+40	6.08454940361e+39	7.012894928800001e+38	0.868262953282	0.017477745315599997	6.15931334222e+43	2.10210359098e+42	2.7709789495200003	0.210689586247	19.6606646898	0.34202014332599995	1.63115460162	0.0644259228289	1.1416176993926983e+41	1.1495896439979985e+40	2.38945562	0.369647653821	3.25	0.19344976736400002
NGC2976a	146.7847	67.93109	1.0814083417	2.73428688548e+39	2.73872092529e+38	6.3301102383e+37	9.98684496256e+36	0.900335631564	0.0167687247092	4.26337110365e+41	1.29259056533e+40	1.44121939355	0.10273381075999999	0.372233529766	0.422618261741	0.0144503881111	0.00054239674254	7.443781990291242e+38	7.784193306657621e+37	1.89913958	0.509761417884	3.0	0.25497543439599996
NGC3351a	160.98983	11.703560000000001	0.352354993603	2.3991163527100002e+40	2.40253354867e+39	2.36157727422e+39	2.44476448397e+38	0.567796057782	0.0353461588009	7.85431312461e+42	2.32206535807e+41	1.8722971254099998	0.134663375978	2.57111837407	0.669130606359	0.309964321026	0.0120307818351	9.954009748648686e+39	1.005635911028565e+39	2.6145697999999995	0.656554596617	3.0	0.299027391619
NGC3521g	166.4643	-0.035910000000000004	113.50098579799999	2.45644078402e+40	2.46787691746e+39	2.1988248823e+39	2.52163505693e+38	0.66719078353	0.033854062032	4.93757814101e+42	1.6316624378e+41	0.863113006397	0.0612058113655	3.70505645497	0.438371146789	0.11190813668400001	0.00438689084161	5.959307605993306e+39	7.117991842904154e+38	1.07692927	0.679490577078	3.52136477	0.352245916634
NGC3521h	166.45928999999998	-0.033510000000000005	39.3547124524	3.66382133544e+40	3.67288888277e+39	3.63411347758e+39	3.87052210297e+38	0.658540054771	0.0328894867751	7.82073645893e+42	2.55739081688e+41	0.937203750476	0.0663398468889	3.70505645497	0.438371146789	0.17395947239999998	0.0067921097575400005	8.535466623167498e+39	9.468981071165639e+38	1.25415536	0.558453849551	3.30324702	0.311682799796
NGC3521i	166.45429	-0.0311	16.106432161199997	4.50938678221e+40	4.51915904682e+39	5.16562006025e+39	5.30093763959e+38	0.583823013829	0.034851414021800003	1.0263833569e+43	3.3324135939499996e+41	1.00186229791	0.070882901106	3.70505645497	0.438371146789	0.225007703096	0.00881291673297	8.007819595553503e+39	8.994638094495764e+38	0.98428754	0.613627606986	3.45317359	0.36211295455799997
NGC3521j	166.44928000000002	-0.0287	9.22541348814	5.53807678563e+40	5.54605102207e+39	5.85289139874e+39	5.96603505609e+38	0.5957734685580001	0.0344132054241	1.09803184526e+43	3.54357213646e+41	1.03564381807	0.0732668803476	3.70505645497	0.438371146789	0.245618252043	0.009628203337410001	1.0681526802706754e+40	1.1495813280646438e+39	1.13718105	0.55168574631	3.36823275	0.310596218677
NGC3521k	166.44427	-0.026289999999999997	10.3991446165	5.0459018271e+40	5.0540554486500005e+39	4.56702889447e+39	4.67739121788e+38	0.657630086841	0.0322538561919	8.89877373213e+42	2.85016755105e+41	1.05332691999	0.07453695556319999	3.70505645497	0.438371146789	0.21126493441	0.00824293698812	1.1781160944288854e+40	1.2635406844189773e+39	2.14825928	0.485985234572	3.0	0.28295655596
NGC3521l	166.43926000000002	-0.02389	15.065990387000001	3.04128652303e+40	3.05466658269e+39	2.48836564619e+39	2.70081606262e+38	0.706224427156	0.030680975621	5.32575206512e+42	1.7091737576299999e+41	1.02380952381	0.0725492337117	3.70505645497	0.438371146789	0.130035312307	0.00508378226862	8.309332182761501e+39	9.332331204169137e+38	1.12147567	0.55345022293	3.5020138999999997	0.315660563456
NGC3521n	166.45689	-0.03852	12.852602471099999	4.57146290311e+40	4.5772893843900004e+39	4.29478076426e+39	4.3840400423200005e+38	0.6515693064779999	0.032462038446	1.0270807987500001e+43	3.34260071897e+41	0.997152527803	0.0705496088063	3.70505645497	0.438371146789	0.22110888626800002	0.00867245340678	8.637448821781966e+39	9.305289256970836e+38	1.13405566	0.513418424789	3.36996908	0.300165768199
NGC3521o	166.45188000000002	-0.03611	16.6721736658	4.4171594026e+40	4.42343932808e+39	5.591284889249999e+39	5.81969302145e+38	0.541514103738	0.035860418917	1.11368110865e+43	3.6106791832999996e+41	1.0353437664799998	0.07324427351039998	3.70505645497	0.438371146789	0.238560656748	0.00937164062899	7.715175025616335e+39	8.356912997316984e+38	2.25	0.5293348404129999	2.6198281000000003	0.31753179240699997
NGC3521q	166.44187	-0.0313	32.884565570999996	3.47847977448e+40	3.48393174483e+39	4.03805166427e+39	4.17967204302e+38	0.59815458169	0.034620252328800005	6.70363332098e+42	2.16546346032e+41	1.03249612143	0.0731045063678	3.70505645497	0.438371146789	0.152289002708	0.00593751527341	8.052159681907622e+39	8.606110369710766e+38	1.02575643	0.711035014562	3.54410825	0.357077971755
NGC3521r	166.43686	-0.0289	77.267019816	1.5754032681599999e+40	1.58585261765e+39	2.2888352576e+39	2.74511218565e+38	0.480318897125	0.039084492073499996	3.4592343321400005e+42	1.12423957354e+41	0.988125951446	0.07023060574510001	3.70505645497	0.438371146789	0.08130755038589998	0.00322491441178	3.8717763404414845e+39	4.7359410440133725e+38	2.3043071	0.36591819930799996	3.0	0.182909813831
NGC3521u	166.44948	-0.04112	19.319302787999998	4.2659597081300003e+40	4.27920003053e+39	6.14110196005e+39	6.27482466463e+38	0.49165670558700003	0.0357866917861	9.738541673030001e+42	3.15671550655e+41	1.02632333544	0.0726170976614	3.70505645497	0.438371146789	0.210648235775	0.00830000738077	8.6507508476882e+39	9.851455200605202e+38	2.34437298	0.399681863091	2.75	0.212867650018
NGC3521v	166.44447	-0.03872	45.2895405963	3.07498498866e+40	3.0884620781400006e+39	4.66457708445e+39	4.9960810076e+38	0.478202497752	0.0366383093413	6.761206864460001e+42	2.2045803590899997e+41	0.986466165414	0.0698464816423	3.70505645497	0.438371146789	0.146530479085	0.005753903501970001	6.823939289898585e+39	7.751605230323896e+38	2.5	0.352111249873	2.85888506	0.178180263055
NGC3521w	166.43946	-0.03631	258.224765053	1.44947742292e+40	1.46925789525e+39	3.39600721386e+39	4.21612219811e+38	0.0210088541799	0.00329643973127	3.74415650595e+42	1.23223014429e+41	0.941834161804	0.06689769857649999	3.70505645497	0.438371146789	0.08168029265210001	0.0032495864038	3.540112494512691e+39	4.980519951897745e+38	4.34709995	0.897542769182	4.25	0.230791209397
NGC3627e	170.07456000000002	12.99282	1.8280600135900003	1.66231711196e+40	1.6711871299299998e+39	1.09473456204e+39	1.2592557504800001e+38	0.720019080529	0.030797060595	3.90480243927e+42	1.31758142712e+41	1.12967196555	0.0870676657358	2.59874975412	0.422618261741	0.10864628371200001	0.00391740121571	4.192335765993971e+39	4.7465900196525165e+38	1.26812834	0.559862870462	3.29548426	0.310450607416
NGC3627f	170.06919	12.99469	56.1034255889	1.02009356917e+40	1.0275684387099999e+39	1.48473374977e+39	1.86934391236e+38	0.4943496082	0.0403053555063	4.90955579048e+42	1.61282802541e+41	1.3918758557700002	0.10325983322799999	2.59874975412	0.422618261741	0.12406949910199999	0.0044934475421099995	1.989182459888533e+39	2.4379201483973648e+38	2.57610917	0.218652532643	2.32610917	0.320983006719
NGC3627g	170.06383	12.99657	17.1790285529	1.4209779016899998e+40	1.42599803551e+39	1.2570787215199999e+39	1.3729481490200001e+38	0.6849380017810001	0.0320074341089	6.50000056837e+42	2.0946787297e+41	1.4989317761	0.10887670419399999	2.59874975412	0.422618261741	0.156493243541	0.00580622162471	4.1550152695607886e+39	4.409711865109901e+38	2.5	0.327460140556	2.57141058	0.21738158840799998
NGC3627h	170.05846	12.998439999999999	89.32972870530001	1.23126537816e+40	1.23846301787e+39	2.2936555099600002e+39	2.44392651037e+38	0.327154514172	0.0322544264603	6.60906497083e+42	2.13285694571e+41	1.32823564613	0.09657210760510002	2.59874975412	0.422618261741	0.158281891836	0.00601669040454	2.012818774296215e+39	2.7493762730372267e+38	2.21363641	0.389424838971	1.32045462	0.510531757009
NGC3627i	170.05309	13.00031	22.181356398800002	2.1981772399099997e+40	2.20315646707e+39	2.17018686759e+39	2.26831348592e+38	0.653548066205	0.032788452541799996	6.30614383141e+42	2.04239214897e+41	1.17622718323	0.08601305303239999	2.59874975412	0.422618261741	0.15722072455299999	0.006075931669609999	5.0133866875239466e+39	5.377466725405092e+38	1.11601557	0.616987844937	3.37999135	0.33914526884499996
NGC3627j	170.04772	13.002189999999999	15.7032448649	1.50805906004e+40	1.51410125029e+39	1.2648538249500001e+39	1.4310108752899999e+38	0.6978132033810001	0.0318965798206	3.96803722213e+42	1.34218989317e+41	1.09137709138	0.084057143538	2.59874975412	0.422618261741	0.09878433764419998	0.00386557709538	3.934202332331136e+39	4.2627905323172956e+38	1.34125537	0.5901290234250001	3.25485813	0.319732977461
NGC3627k	170.07263999999998	12.987589999999999	13.304480361	2.11327311053e+40	2.1170475519400002e+39	1.7549963447699998e+39	1.88832353937e+38	0.693014775807	0.0312763581998	5.64324659407e+42	1.80785493906e+41	1.30485682645	0.0960298198451	2.59874975412	0.422618261741	0.161976596558	0.00598626130991	5.405251900072344e+39	5.653265027701686e+38	1.10821356	0.618407315331	3.3843258	0.329956019
NGC3627l	170.06727	12.989460000000001	19.6783252226	1.15040430255e+40	1.15621029726e+39	9.77174998275e+38	1.1413038271e+38	0.699658322367	0.0323791443491	6.896275347520001e+42	2.20451677026e+41	1.5312702582799997	0.110909567566	2.59874975412	0.422618261741	0.17007382536600002	0.0064121726890799995	3.4832463337635365e+39	3.7560926542243095e+38	2.75	0.47661799351499995	2.58996909	0.300717464087
NGC3627m	170.0619	12.99134	5.94289246921	1.14698325705e+40	1.15258691212e+39	8.1389782638e+38	9.176708166e+37	0.722854157693	0.030257067893500002	7.86246676264e+42	2.51347672082e+41	1.63699932528	0.117838891675	2.59874975412	0.422618261741	0.180091154637	0.006901166798949999	4.6246315163449797e+39	4.847241287164316e+38	2.94716346	0.814738994998	2.94716346	0.453610825272
NGC3627n	170.05653999999998	12.993210000000001	41.878613854899996	9.566487252370001e+39	9.64476354435e+38	1.07918435519e+39	1.27167872657e+38	0.611674281805	0.03683603162	5.89834676551e+42	1.9193313960000002e+41	1.37757523257	0.10074447272199999	2.59874975412	0.422618261741	0.134353665037	0.005176941069720001	2.990926784982493e+39	3.3883909854544308e+38	2.75	0.422082308425	2.56417322	0.259628395079
NGC3627o	170.05116999999998	12.99508	36.3904919462	1.35908807844e+40	1.36522632142e+39	1.2150931630399998e+39	1.35238281374e+38	0.691559969953	0.0319800221215	4.0394095393e+42	1.3862317136899999e+41	1.0205329838400001	0.0785553371646	2.59874975412	0.422618261741	0.09187023451910001	0.00356411919425	3.0232712152245837e+39	3.5391245521462374e+38	1.00350079	0.616152995279	3.44249956	0.35791702762100003
NGC3627p	170.07072	12.98236	0.31651525428599997	4.1643453936700003e+40	4.16675951678e+39	2.12446925946e+39	2.1996249916799998e+38	0.775815320022	0.025042696039900003	8.48358920233e+42	2.59160493099e+41	1.47639188606	0.106301002976	2.59874975412	0.422618261741	0.279207774148	0.0106317694286	1.2390404815816006e+40	1.2517105340530404e+39	1.09425931	0.50590941529	3.51756611	0.287475484211
NGC3627q	170.06535	12.98423	8.053685617969998	2.05946939484e+40	2.06387555701e+39	2.04112015076e+39	2.11502233981e+38	0.616213936143	0.0340913581065	7.96303042238e+42	2.47508499525e+41	1.5065485012600002	0.108615506193	2.59874975412	0.422618261741	0.23264393353100002	0.008894729565600001	5.650945168257452e+39	5.984658643677576e+38	2.69309784	0.325265168956	2.75	0.22728418632199998
NGC3627r	170.05998	12.98611	15.416584605999999	9.47007596992e+39	9.566926328369999e+38	1.1208589095399999e+39	1.22496696946e+38	0.574225880505	0.036386814279699996	6.14032245129e+42	1.97950061754e+41	1.4979959162099998	0.109174388291	2.59874975412	0.422618261741	0.14741911166	0.00560236142415	2.958271350603461e+39	3.598696385211345e+38	2.88324203	0.21602449120099998	2.75	0.16111434095799998
NGC3627t	170.06878999999998	12.97713	0.37209276024800003	4.3851583309e+40	4.38909908256e+39	2.18387104961e+39	2.3251140188899997e+38	0.781785404158	0.024928954456599997	8.70048251555e+42	2.62862716932e+41	1.57289407351	0.113151060591	2.59874975412	0.422618261741	0.301548463233	0.0115845241206	1.266719849769543e+40	1.2811204481288108e+39	0.96023496	0.529951773951	3.59415145	0.314981642525
NGC3627u	170.06342	12.979000000000001	0.244161377074	2.73528138442e+40	2.7409556515399997e+39	1.89339318571e+39	1.99236396393e+38	0.6952825353509999	0.0307855483837	6.99526879736e+42	2.1527021418e+41	1.48647040291	0.107908751123	2.59874975412	0.422618261741	0.22888350272500002	0.008768813794530001	7.597831065521715e+39	7.973144275371677e+38	1.23769187	0.5836623775750001	3.3123934	0.312613584583
NGC3627x	170.06687	12.9719	26.2421225944	1.6607620912800002e+40	1.67059332627e+39	2.2081293723e+39	2.7236599727499998e+38	0.534607297253	0.0396004006085	4.99946694763e+42	1.573842524e+41	1.4338713562999998	0.10670482224899999	2.59874975412	0.422618261741	0.164970223055	0.00629626283275	4.2514265520131726e+39	4.755188174427151e+38	2.5	0.295209400486	2.92578707	0.19158014287099998
NGC3627y	170.0615	12.97377	8.68935070705	1.08136138415e+40	1.0966270779e+39	1.01822754435e+39	1.3695522262699999e+38	0.642617945183	0.0386863418236	3.81910045099e+42	1.25519582544e+41	1.3224011012	0.10186725717700001	2.59874975412	0.422618261741	0.117946299851	0.004473757315319999	2.1325553670193368e+39	3.326525167363014e+38	2.38855438	0.157975619585	2.5	0.17486447130600002
NGC4254a	184.70354	14.40615	10.0691944996	4.1486032632500003e+40	4.17111981487e+39	2.6672733701299998e+39	3.2978412352800002e+38	0.756045709211	0.0293926332742	8.40298202257e+42	2.64695576175e+41	1.08940916749	0.0773617459166	6.12468516026	0.866025403784	0.242908731913	0.00899785293346	8.883581546033391e+39	1.0683653113269852e+39	0.45785032	0.5854156689259999	3.71384355	0.376581462389
NGC4254b	184.70897	14.40436	4.66652506805	4.67707374961e+40	4.6933616683100004e+39	2.23482179322e+39	2.3879831326300003e+38	0.806707653467	0.022857197568200004	7.39729160087e+42	2.3146467225200002e+41	1.1160042964599999	0.07934801899560001	6.12468516026	0.866025403784	0.228588901331	0.00832168072088	8.824944044079375e+39	1.029307358346616e+39	1.89371211	0.510475826893	2.75	0.30136683254
NGC4254c	184.70539	14.41141	2.6667642425099998	7.461622123649999e+40	7.47207756083e+39	6.220705988549999e+39	6.30669372542e+38	0.6545415081279999	0.0322217894998	1.4085549941500001e+43	4.4303033914899995e+41	1.1802721088400001	0.0835766395122	6.12468516026	0.866025403784	0.37151195818800004	0.0140187687044	1.598604897021355e+40	1.695674309855234e+39	1.13123433	0.5024162095620001	3.37153648	0.28732345553800004
NGC4254d	184.7018	14.418460000000001	8.26013904142	7.54224868884e+40	7.54803363309e+39	6.95733960684e+39	7.08853067207e+38	0.643640510639	0.0327570314096	1.5145445171e+43	4.81412989432e+41	1.1776781654000001	0.0833743580047	6.12468516026	0.866025403784	0.363348489681	0.0137965148612	1.6286566167727882e+40	1.6858662329817742e+39	1.15829555	0.542814465615	3.35650247	0.305341353953
NGC4254e	184.70723	14.416670000000002	6.807556848759999	8.91290029701e+40	8.91874911916e+39	9.14745030483e+39	9.25495964467e+38	0.602558974882	0.0340784741846	1.74031461264e+43	5.5031488843800005e+41	1.20124796061	0.08501814488389998	6.12468516026	0.866025403784	0.43176619354400003	0.0163000079935	1.929173814287119e+40	1.9770177551536063e+39	1.24233381	0.5709258294780001	3.30981455	0.317616392688
NGC4254f	184.69822	14.425510000000001	35.4806309527	2.9018233779500003e+40	2.92001522206e+39	2.19744038573e+39	2.70409893552e+38	0.739114842326	0.0306515965019	6.89567233919e+42	2.24045561869e+41	1.0313142857100002	0.07337562584610001	6.12468516026	0.866025403784	0.164302315013	0.00615043584539	7.167701645104004e+39	8.521221790269374e+38	1.13633311	0.563317895935	3.36870383	0.316774473804
NGC4254g	184.70365	14.423720000000001	23.280485558899997	4.64335718598e+40	4.65649029696e+39	4.69906281284e+39	4.9484011778599996e+38	0.6430265773920001	0.0333794526285	1.13407354382e+43	3.64075405983e+41	1.09848739496	0.077846405397	6.12468516026	0.866025403784	0.269078963713	0.010123797605600001	1.0298211280674023e+40	1.1646450388915649e+39	1.08000757	0.609500234506	3.3999957999999997	0.333624787286
NGC4254h	184.70908	14.42193	17.0210613546	6.052856139199999e+40	6.063038513960001e+39	7.43963306042e+39	7.62405834296e+38	0.5625746760379999	0.035264513917199994	1.35173582411e+43	4.31093513698e+41	1.1288255718200002	0.0799432704764	6.12468516026	0.866025403784	0.33118315277399996	0.0124080024382	1.336202075777135e+40	1.42990883431299e+39	1.11525547	0.591879362393	3.38041363	0.304918673301
NGC4321d	185.73563000000001	15.825339999999999	16.6339419191	1.95451609655e+40	1.97526004897e+39	2.79443758479e+39	3.72759467889e+38	0.482033551329	0.0417843488503	8.07946072667e+42	2.5937385779000003e+41	1.12568566659	0.0810001133444	6.03991545342	0.8480480961560001	0.21462847854699998	0.008015841009020001	5.997993553689076e+39	7.282896746716121e+38	1.61298381	0.775109360519	3.51682554	0.364764599113
NGC4321e	185.73025	15.82736	0.349135474158	3.47461496898e+40	3.48997551699e+39	3.99143412912e+39	4.16006205511e+38	0.49557437801200005	0.036183668682	1.15039265408e+43	3.65358331635e+41	1.2552293977	0.0894976277421	6.03991545342	0.8480480961560001	0.29138274845400003	0.010816320647100001	1.0690566963010541e+40	1.1518662297427312e+39	1.01856016	0.84923330945	3.78701811	0.405221028647
NGC4321f	185.72486999999998	15.829379999999999	42.3641974733	1.72827218449e+40	1.75227819611e+39	3.2505395289200005e+39	3.68143069644e+38	0.352559906012	0.034697726900999995	8.19111798313e+42	2.6682190501e+41	1.1577477896700001	0.0831944559453	6.03991545342	0.8480480961560001	0.18963543093600002	0.007010062915120001	2.918763312821945e+39	4.942433935616518e+38	2.88391011	0.307623059394	2.63391011	0.42550453894699997
NGC4321g	185.71948999999998	15.8314	44.976844791800005	1.4376969364e+40	1.46359163489e+39	2.2487054646300002e+39	3.18577697821e+38	0.46204247673999993	0.0433622314159	4.4645760811200003e+42	1.54060888902e+41	0.921467603435	0.06904024617269999	6.03991545342	0.8480480961560001	0.106586614738	0.00393829051212	1.571419376442523e+39	3.568859963532154e+38	1.63645503	0.333533342992	1.48306879	0.385657702228
NGC4321h	185.71411	15.833420000000002	64.1203984978	1.25482246435e+40	1.2763311404300001e+39	1.7383917204900002e+39	2.53155018092e+38	0.519182397594	0.0443423259937	3.39949101874e+42	1.21645223016e+41	0.8572432839569999	0.067078536991	6.03991545342	0.8480480961560001	0.0877164237963	0.0032359926442100005	9.967742962806985e+38	2.9152076203593976e+38	1.88702999	nan	1.88702999	nan
NGC4321i	185.73891	15.81815	21.927821774	1.51865322443e+40	1.5356162415e+39	1.99571706456e+39	2.79541236711e+38	0.539174842766	0.0429237140364	5.17608953789e+42	1.7436462710500003e+41	0.872037914692	0.0646613325031	6.03991545342	0.8480480961560001	0.13915463459000002	0.00523179833591	2.845758088801385e+39	4.173249138427919e+38	2.5	0.163127614389	2.65784209	0.170287289199
NGC4321j	185.73353	15.820170000000001	0.263057001608	4.36152001723e+40	4.36975637515e+39	3.8981898331e+39	4.06367210775e+38	0.607175629189	0.0344854773031	1.10034064165e+43	3.45451285183e+41	1.1794430609	0.0842053222453	6.03991545342	0.8480480961560001	0.316892039993	0.0118304112078	1.207838904340136e+40	1.2563844013679746e+39	2.37373093	0.388812128001	3.0	0.189325908419
NGC4321k	185.72815	15.82218	0.381546066611	6.65793186587e+40	6.66554452804e+39	4.75690474534e+39	4.8870633132e+38	0.686496868594	0.0308729331806	1.59117253647e+43	4.96851535543e+41	1.31258325482	0.09322637583860001	6.03991545342	0.8480480961560001	0.43730195415600004	0.016224688217799998	1.8764511045284224e+40	1.9145391263345207e+39	1.03223512	0.6976535379880001	3.54122884	0.334664402779
NGC4321l	185.72277	15.8242	10.9144043743	2.88985035281e+40	2.90317024852e+39	3.96613528912e+39	4.14220270557e+38	0.49048028377400005	0.0362152722797	1.0800503304600001e+43	3.44884600088e+41	1.22621332602	0.08752409122980001	6.03991545342	0.8480480961560001	0.26962164373799996	0.00994238401405	7.40894600208641e+39	8.151003320393045e+38	0.87102987	0.780877082861	3.7748928	0.44743803518799996
NGC4321n	185.73682	15.812970000000002	58.747887678299996	1.18398571233e+40	1.22178636067e+39	1.7586307925e+39	2.7578563286699997e+38	0.486253398352	0.0468958117851	3.93639268205e+42	1.36683959931e+41	0.832077125329	0.063872645235	6.03991545342	0.8480480961560001	0.107787528156	0.00407678157967	2.907920952818891e+39	4.648879687376071e+38	2.61916862	0.537655522892	2.75	0.309158159121
NGC4321o	185.73144	15.81499	15.381228807100001	2.32460198465e+40	2.34199112301e+39	3.5172615849900004e+39	4.32039572085e+38	0.45580453480300004	0.039406175719	6.964979149959999e+42	2.22969511749e+41	1.05822958938	0.0767107181482	6.03991545342	0.8480480961560001	0.207039405561	0.0077334541351	6.256041721761746e+39	7.328288484257579e+38	1.08435194	0.813239622169	3.75711276	0.399609207244
NGC4321p	185.72606000000002	15.81701	0.160289750738	3.47750626498e+40	3.49250413201e+39	3.39944127296e+39	3.56466318864e+38	0.56881779514	0.0356115702284	9.423635686470001e+42	2.9692270386699997e+41	1.1967935446200002	0.08573030719529999	6.03991545342	0.8480480961560001	0.271354860265	0.0100567309062	1.0423122082935225e+40	1.115735563599931e+39	2.5	0.277207167991	2.80345605	0.146007822781
NGC4321q	185.72068000000002	15.81903	66.220589795	1.2830126003600001e+40	1.32539690069e+39	2.7026389367599997e+39	3.20099652137e+38	0.267297066298	0.030779870917	6.73815012478e+42	2.1911802454900003e+41	1.09489092189	0.0793765747944	6.03991545342	0.8480480961560001	0.17741870246199998	0.006550413197350001	5.476114625542113e+39	6.89753566556088e+38	3.36956007	0.7255975998190001	3.25	0.27218100382599997
NGC4536a	188.61306000000002	2.18832	0.515813955584	1.50643446246e+41	1.5083780635200001e+40	2.14631609649e+39	2.77934214893e+38	0.9378545293780001	0.009540411386760001	3.1022526229200004e+43	9.15939796077e+41	2.36929761043	0.17014373267000002	6.21004559676	0.390731128489	1.28446552318	0.0509672934038	7.855457458420279e+40	7.864517423687219e+39	2.15707853	0.573456302901	3.25	0.253955429013
NGC4569e	189.21409	13.166039999999999	56.103647352299994	4.6358168404100004e+39	4.84881181964e+38	6.04821174138e+38	1.21041340768e+38	0.54674520102	0.055959559308699995	2.61722303593e+42	8.293858154120001e+40	0.987750151607	0.07197252922160001	2.87152508394	0.422618261741	0.08224069139510001	0.0033043199172500004	2.1089701964127897e+39	2.780747195487054e+38	0.72481989	1.0019099267899998	3.94799171	0.408269787201
NGC4569f	189.20865	13.16774	10.3511245161	1.02750869925e+40	1.04003498342e+39	6.1478697757599995e+38	9.55373748582e+37	0.773569262164	0.0324845757829	3.73692683715e+42	1.15056953284e+41	1.0458507010200002	0.0750483249946	2.87152508394	0.422618261741	0.128142707937	0.00503465185115	4.5086669344852197e+39	4.812248545041175e+38	2.25697865	0.246707073811	3.0	0.13308906446
NGC4569g	189.20322	13.169429999999998	45.8140629746	4.3986994482799997e+39	4.7081488671e+38	4.3986994482800004e+38	1.31754077355e+38	0.655953995025	0.07178362898639999	2.1106024894700002e+42	6.70482733651e+40	0.9566457748	0.0710010255877	2.87152508394	0.422618261741	0.072952703829	0.0029231962988999997	1.493152273653833e+39	2.3003272414000473e+38	1.01341976	0.626703091929	3.69722558	0.35936336150799997
NGC4569i	189.21235	13.16075	29.9909299044	6.51901004171e+39	6.67047708537e+38	4.28873196207e+38	7.27496751965e+37	0.7713481698669999	0.0349392653446	3.00523424115e+42	9.19245200577e+40	1.08891583798	0.0787389091797	2.87152508394	0.422618261741	0.10866879034600001	0.00430716280244	3.2076141132991656e+39	3.4916393717523325e+38	2.61352706	0.775310421612	3.0	0.371124298978
NGC4569j	189.20692	13.16244	8.14703656395	1.29830363403e+40	1.3064274911300001e+39	5.309367693429999e+38	7.10293383016e+37	0.8418107103110001	0.022291964671	4.29162348716e+42	1.27938059698e+41	1.15658089323	0.0826846848493	2.87152508394	0.422618261741	0.16796911892400002	0.00656426260399	5.250947466382179e+39	5.426930881850234e+38	2.38339564	0.5789751156790001	3.0	0.259621734895
NGC4569k	189.20148	13.164129999999998	55.46135509	6.90045975949e+39	7.06951806484e+38	3.41036666599e+38	7.12980713047e+37	0.8282057289	0.0331252769961	2.40434865116e+42	7.34983631755e+40	1.07600614439	0.078880822469	2.87152508394	0.422618261741	0.0944069861531	0.0037257663383400003	2.45777331672548e+39	2.809202874929209e+38	1.1192551000000002	0.5638158712479999	3.37819161	0.27840563142200003
NGC4569n	189.20518	13.15715	378.44235	7.67710513082e+39	7.868768824039999e+38	5.65645257177e+38	9.3981220246e+37	0.669730366554	0.043181072858600004	2.92354063524e+42	9.15911043432e+40	0.939613564057	0.0682137839158	2.87152508394	0.422618261741	0.100714432929	0.00398085623879	2.370142976154312e+39	2.983476472764256e+38	2.5	0.31688585433899996	2.95064616	0.212254456628
NGC4631e	190.5349	32.5463	2.50608576691	4.23418334848e+40	4.2357463782299996e+39	1.74621579878e+39	1.8058801229900002e+38	0.8269399893780001	0.0205911792028	7.630817793909999e+42	2.34418066571e+41	1.66754984146	0.118145626786	1.7150181762099999	0.1166445043	0.21190701832400002	0.00815119925971	9.25445114799173e+39	9.307241894249602e+38	1.83810754	0.38035286027500004	2.91189246	0.218569175088
NGC4631f	190.5287	32.548190000000005	15.3812973266	2.3356765150600003e+40	2.3380365023100002e+39	1.30514648148e+39	1.39962626841e+38	0.799023361699	0.0235575694508	4.78637529443e+42	1.4711221715599999e+41	1.6931424370800001	0.120323525537	1.7150181762099999	0.1166445043	0.136326195973	0.00521982888683	4.708296946882464e+39	4.80767213285426e+38	2.0	0.5830361220570001	2.51414464	0.377358745574
NGC4631h	190.53887	32.539190000000005	19.633175708499998	3.6266611617900005e+40	3.6282591177000003e+39	1.66904406155e+39	1.82803284153e+38	0.837301552493	0.0202079867335	7.89014594745e+42	2.4500903035699997e+41	1.51063325164	0.107014687105	1.7150181762099999	0.1166445043	0.20770888699499998	0.00782948450404	1.0007696561900128e+40	1.00598612561498e+39	2.0	0.48227685435900003	2.87214502	0.28416875502300004
NGC4631i	190.53267	32.54108	2.82477967097	4.92585556779e+40	4.9271915292300005e+39	2.1058032552300002e+39	2.18791479726e+38	0.8216622455760001	0.021133595935999998	8.97280908863e+42	2.75843497744e+41	1.58933525491	0.11254433881300001	1.7150181762099999	0.1166445043	0.248933913828	0.0095186524753	1.2409051151199382e+40	1.2450755521774728e+39	2.0	0.5733643701810001	2.84114748	0.361640254929
NGC4631j	190.52647	32.54296	0.18280395939199998	4.84581041482e+40	4.84708993369e+39	1.93955562982e+39	2.0035766143e+38	0.823712739254	0.0208801458057	8.274862469159999e+42	2.54872954358e+41	1.56927786712	0.11115192370100001	1.7150181762099999	0.1166445043	0.227446110048	0.00868092183376	1.190415095550056e+40	1.1938527319619549e+39	0.81054261	0.549915344605	3.67968994	0.34772682734899996
NGC4631m	190.53663	32.533970000000004	448.74443275699997	1.0557750433599999e+40	1.06269221646e+39	6.48570983093e+38	1.04963869358e+38	0.708306835682	0.039376749566800005	3.43767845891e+42	1.09127707093e+41	1.3462959032100001	0.0961375402122	1.7150181762099999	0.1166445043	0.08578438722130001	0.00315904169506	2.8713633080595325e+39	3.147391535997699e+38	2.37028832	0.407801586039	2.75	0.226602811263
NGC4631n	190.53043	32.53585	36.8969924058	2.0261685902199999e+40	2.0295621553500002e+39	1.13664117227e+39	1.36357317665e+38	0.806506160723	0.0243889746552	5.4108187479099997e+42	1.69178229432e+41	1.41203974284	0.10024445484099999	1.7150181762099999	0.1166445043	0.140880968272	0.0052657148116800005	5.617527787104317e+39	5.764468246452395e+38	1.30820055	0.567927332138	3.27322192	0.31664561011500003
NGC4736a	192.74078	41.11937	0.191741123745	5.612657037100001e+39	5.6204156598499996e+38	2.25749785915e+38	2.44432075607e+37	0.8227184207680001	0.021510836171400004	1.2318184090399999e+42	3.80700828064e+40	1.96956759715	0.13971254383099999	0.641402454987	0.809016994375	0.038578229972	0.0013378394117899998	1.8038490204033262e+39	1.85259414634474e+38	1.23703969	0.590363509556	3.50648015	0.31148475741799997
NGC4736b	192.73597	41.12359	0.574110079226	6.71492392787e+39	6.72354779411e+38	2.96829113272e+38	3.3499374507600004e+37	0.806917391179	0.0235061907228	1.48990758923e+42	4.61656590456e+40	2.0829372845	0.147612024759	0.641402454987	0.809016994375	0.047410752487	0.0016167070741300003	1.9258966775284865e+39	1.9777628666857794e+38	2.13668513	0.47160830202	3.0	0.269639889578
NGC4736c	192.73116000000002	41.1278	11.0659591958	4.97708810566e+39	4.99177565403e+38	2.6666261688899998e+38	3.18753615909e+37	0.800837234848	0.024887447421599998	1.3460822383299999e+42	4.19838228322e+40	2.06659199674	0.146518494667	0.641402454987	0.809016994375	0.042450153615	0.0014148177253899999	1.1859347814992078e+39	1.318449775521091e+38	1.13401183	0.527785197825	3.36999343	0.303568060856
NGC4736g	192.73038	41.11997	3.8993623591500004	6.543750169759999e+39	6.54897694351e+38	3.73511886523e+38	4.0193208841800003e+37	0.768109229558	0.026175180547099997	2.5192937777400003e+42	7.93457109432e+40	2.433256737	0.17219889043499997	0.641402454987	0.809016994375	0.0713911398509	0.00252938263276	1.9896070897384763e+39	2.0212075596886724e+38	2.32438577	0.35771964339	2.75	0.225514562521
NGC4736h	192.72557	41.124179999999996	20.796599059200002	4.42825744626e+39	4.43722355906e+38	3.11259905436e+38	3.4225061510200003e+37	0.7500030157240001	0.0278931822622	2.4871919336600002e+42	7.856209736310001e+40	2.5470383275299997	0.18025993072500002	0.641402454987	0.809016994375	0.0717143316439	0.00252536582488	1.3079824386243689e+39	1.377549768520045e+38	2.66207729	0.24069117288400002	2.66207729	0.18737967502099998
NGC4736i	192.72076	41.12839	75.1621554025	4.04522737767e+39	4.06001341531e+38	2.7011679586399997e+38	3.0833388044599997e+37	0.765799225767	0.0272607770322	1.70367909802e+42	5.33032856547e+40	2.15176262979	0.152408216406	0.641402454987	0.809016994375	0.0518658355815	0.00174470337791	9.21881988725274e+38	1.0789395644215337e+38	2.39800856	0.13750462567299998	2.5	0.17233797219
NGC4736l	192.72478	41.11635	13.3659546717	3.77196344096e+39	3.7779384924599996e+38	2.56990915758e+38	2.9051560557500003e+37	0.753002112467	0.0280905748979	2.88966176514e+42	9.249987722e+40	2.5886864813	0.183163826973	0.641402454987	0.809016994375	0.0736708135792	0.0026401155454600003	1.34712980034376e+39	1.3976039248710162e+38	2.75	0.23918281100699998	2.61323325	0.187515899512
NGC4736n	192.71517	41.12477	52.6004223001	4.3108153611e+39	4.31707263245e+38	3.0174172337000002e+38	3.4657249519e+37	0.758688938098	0.0278986931029	2.18032466788e+42	6.83975335587e+40	2.32550324293	0.164614207939	0.641402454987	0.809016994375	0.0643470561768	0.0022245347075799996	1.2557859563318473e+39	1.313327748328664e+38	2.5	0.179275838217	2.62486187	0.144013249527
NGC4736r	192.71919	41.11272	118.57483141799999	2.95754479813e+39	2.97014921665e+38	2.85315183355e+38	3.36005444898e+37	0.645233129732	0.0354284260746	2.19901726581e+42	7.0472649052e+40	2.31312217195	0.163725177606	0.641402454987	0.809016994375	0.0544300179153	0.00186751481928	8.973189382346755e+38	1.0936033730068682e+38	2.75	0.28387223709000003	2.67456472	0.41870765081699995
NGC4736s	192.71438999999998	41.11694	58.2091795901	4.06441726087e+39	4.07321097543e+38	3.06040257206e+38	3.3186185723800004e+37	0.739687267049	0.028430954169600002	2.45845462439e+42	7.826383004570001e+40	2.4113925948099997	0.170653623755	0.641402454987	0.809016994375	0.0638950590746	0.00224964066917	1.3379186564097861e+39	1.4625016261505051e+38	2.58884256	0.644754166406	2.58884256	0.397822213408
NGC4826b	194.19477	21.68176	8.07215038214	2.38456538032e+39	2.4236352778e+38	4.14476535023e+38	5.22636236502e+37	0.327062601035	0.035645803331900004	1.2256621913100002e+42	4.11658275698e+40	1.26143172501	0.09096050671269999	0.820313794789	0.5150380749100001	0.0196763465584	0.0007353337551179999	3.229814780262268e+38	6.336375092604295e+37	2.19090238	0.29764418445	1.55112798	0.361407066096
NGC4826d	194.18444	21.68736	0.36745834583400006	1.05533461665e+40	1.05700404222e+39	8.244372195940001e+38	8.51441871248e+37	0.657739749653	0.0323869064604	3.5737085727100005e+42	1.14463608433e+41	1.49775784753	0.106155102894	0.820313794789	0.5150380749100001	0.0705118129866	0.0026992938302	3.0972843865433e+39	3.1477934688472225e+38	2.5	0.282527134959	2.92716282	0.179127339738
NGC4826e	194.17927	21.690160000000002	4.26570092011	6.25936141002e+39	6.27835611203e+38	9.85633446621e+38	1.01854158176e+38	0.366705038879	0.0334444468031	2.2954956558199998e+42	7.342228722709999e+40	1.4105423987799999	0.10032292339099999	0.820313794789	0.5150380749100001	0.0494870417581	0.00186201667269	1.4509623845676694e+39	1.5491636577331729e+38	2.88704374	0.780002724157	2.88704374	0.393731116822
NGC4826f	194.19175	21.67696	11.9398841429	2.53280307996e+39	2.55790037971e+38	3.97689351819e+38	4.647134316110001e+37	0.42465718846600004	0.0377350219661	1.55512497708e+42	5.2124680695e+40	1.26492906631	0.0905330435802	0.820313794789	0.5150380749100001	0.022636965304900003	0.00086030315817	4.631691833822913e+38	6.360822954140308e+37	2.30834816	0.27075839278	1.83752224	0.34835437623800003
NGC4826g	194.18659	21.67976	0.305884301905	8.51925004958e+39	8.53276471995e+38	7.32843991935e+38	7.65920238458e+37	0.621875257453	0.0340392661085	3.8706941175900006e+42	1.25938917474e+41	1.46838083251	0.10403068363399999	0.820313794789	0.5150380749100001	0.0638770593006	0.0024662336715300004	2.6388273949376825e+39	2.682967318425557e+38	2.59457922	0.668128837075	2.75	0.392536623682
NGC4826h	194.18143	21.682560000000002	0.41165860694399997	1.3577002556500002e+40	1.35899444101e+39	9.582438319190001e+38	9.89835122525e+37	0.691188725462	0.030701719221299998	5.04713568295e+42	1.61944296789e+41	1.5422045396000001	0.10917642093800001	0.820313794789	0.5150380749100001	0.0949825209368	0.0036655137943099997	4.359759100043992e+39	4.3909530078079915e+38	2.5	0.260329909904	2.92330517	0.17283950632300002
NGC4826i	194.17626	21.68536	0.22846865956	9.387078701780001e+39	9.39984193568e+38	1.02392000481e+39	1.04417836856e+38	0.520273934169	0.0356718680968	3.42325136588e+42	1.0954294883999999e+41	1.43964115965	0.102061416058	0.820313794789	0.5150380749100001	0.0702357195643	0.00265288999426	2.505315294598574e+39	2.578957844765924e+38	1.14469792	0.610484788511	3.62561932	0.345111760802
NGC4826j	194.18358	21.674960000000002	10.5435387429	2.9382479140800003e+39	2.97147706759e+38	5.21286215295e+38	6.22185953248e+37	0.329807219992	0.0345785001339	2.1136887945699998e+42	6.90980981292e+40	1.47473948028	0.10495213918099999	0.820313794789	0.5150380749100001	0.0350828205655	0.0013498295571500003	6.548964862957322e+38	8.3979401823916955e+37	3.05476137	0.295841800767	2.55476137	0.302717016359
NGC4826k	194.17841	21.67776	0.139995621871	5.18341095434e+39	5.20607568547e+38	6.1464651486999994e+38	6.5992251137400005e+37	0.476703757462	0.0366754301236	2.85037464453e+42	9.19125275064e+40	1.5274318919299998	0.108395341538	0.820313794789	0.5150380749100001	0.0529271267888	0.0020270610719	1.396968520459941e+39	1.4962016136050894e+38	2.86358796	0.218629642837	2.75	0.166658405638
NGC4826l	194.17325	21.68056	8.830633565160001	3.76680830148e+39	3.7924992792499996e+38	6.98876942878e+38	7.27439286271e+37	0.287432374456	0.0296599801714	2.04821900096e+42	6.61453215273e+40	1.39682539683	0.0994830516812	0.820313794789	0.5150380749100001	0.041156716264699994	0.0015416997449699999	7.537543429438814e+38	9.83665761674044e+37	3.09528451	0.321591247021	2.75	0.270351114941
NGC5055b	198.94888999999998	42.03092	1.95429042384	1.9313913884099998e+40	1.93358827078e+39	1.5507733554800003e+39	1.60954729194e+38	0.6594367691659999	0.032385577427	5.76179729863e+42	1.9159444761499998e+41	1.0706746763	0.07585019444419999	1.86208623346	0.5591929034709999	0.09770563773499999	0.0036649079535199997	3.708128845404821e+39	3.908241460081799e+38	2.25	0.339396946426	2.66466873	0.24096102780900003
NGC5055c	198.95611	42.02947	0.158214330875	2.02632305236e+40	2.0285216496600003e+39	1.38787418565e+39	1.4625958783600001e+38	0.6978747306209999	0.030647026790900003	6.675794930119999e+42	2.2234133705700003e+41	1.0885300207	0.0770767159757	1.86208623346	0.5591929034709999	0.10678567883300001	0.00405193691286	4.390032347023736e+39	4.555228335427438e+38	2.25	0.361496372163	2.64795752	0.24396371408700002
NGC5055d	198.96333	42.02802	5.95646604723	1.6726691775e+40	1.6754744672300002e+39	1.53004883729e+39	1.61122290177e+38	0.642668246092	0.033375979085499996	5.34089385451e+42	1.7869287567e+41	1.00211714891	0.0710202254584	1.86208623346	0.5591929034709999	0.0904953009943	0.0034355835564099995	3.420659722173317e+39	3.6335339323614e+38	2.25	0.29101504779599996	2.65736717	0.198674057943
NGC5055e	198.95084	42.03628	10.3273448135	1.36826388887e+40	1.37173134311e+39	1.40993576952e+39	1.46497284951e+38	0.609947988717	0.034350563774599996	4.10769774307e+42	1.3696143560000002e+41	0.998255029138	0.0708600932493	1.86208623346	0.5591929034709999	0.0749098157863	0.0028188807414400003	1.893730704822726e+39	2.2558733111004967e+38	2.25	0.20595133651900002	2.35559673	0.250782078732
NGC5055f	198.95807	42.03483	9.310772436839999	1.39389098125e+40	1.39739821002e+39	1.34018550939e+39	1.39263942751e+38	0.632580340538	0.0335594931979	4.7202795340100004e+42	1.5738228845400001e+41	1.01991481524	0.07232630566829999	1.86208623346	0.5591929034709999	0.08195423387539999	0.0031167297171399997	2.7922388481323546e+39	3.0699820856693533e+38	2.38204822	0.186418859696	2.63204822	0.165463182779
NGC5055g	198.96528	42.03338	18.2807801064	1.1913255292999999e+40	1.1970433029499999e+39	1.38520005427e+39	1.44537426339e+38	0.582153207895	0.035236888360300006	3.9762019286800003e+42	1.33385373301e+41	0.938794538795	0.0666667265636	1.86208623346	0.5591929034709999	0.0723868218327	0.00275931759221	2.6875020357921956e+39	3.0361379949724897e+38	2.5	0.199967127353	2.551601	0.16960984765099998
NGC5713a	220.04737000000003	-0.28920999999999997	0.402964233878	2.3939257963e+41	2.395590185e+40	6.866999553250001e+39	7.329857633519999e+38	0.874203563308	0.0160902556233	4.84666551072e+43	1.4383264411699997e+42	1.8987723454700003	0.135913019722	13.488629593299999	0.891006524188	1.8270532142700002	0.0710354663333	1.0980096605826736e+41	1.1026928413269669e+40	1.04847981	0.501494135035	3.65779437	0.226520120759
NGC7331e	339.26185	34.40979	1.09645608174	7.168012032779999e+40	7.17915475725e+39	5.40294945343e+39	5.73160225306e+38	0.674553539275	0.0320279819519	1.53297281536e+43	4.9939171966e+41	1.0711523113799999	0.07580112017639999	6.21004559676	0.309016994375	0.30387257055399997	0.012001410705	1.360770350649719e+40	1.4854621882275664e+39	1.13079008	0.47950937908299995	3.37178329	0.284894899185
NGC7331f	339.26851	34.41061	0.155523657647	9.810032019979998e+40	9.823266939760001e+39	7.513592706209999e+39	7.8020076587e+38	0.6621261867399999	0.0322719793689	2.1401031757500001e+43	6.967731264230001e+41	1.10505180485	0.07816927456280001	6.21004559676	0.309016994375	0.409464479758	0.0162394743458	1.8906607165772172e+40	2.0108222373044998e+39	1.13239844	0.5137037815119999	3.37088976	0.298130428534
NGC7331h	339.26085	34.415279999999996	1.8577702883900002	6.40699136699e+40	6.41900567179e+39	5.1688464165899997e+39	5.58008475921e+38	0.660053434528	0.033047615218599995	1.55532710732e+43	5.0945931479799996e+41	1.06695490302	0.0755019079505	6.21004559676	0.309016994375	0.292291007139	0.0115734902887	1.2961133214271486e+40	1.3937322813674125e+39	0.89838245	0.6158062356180001	3.50089864	0.352125538749
NGC7331i	339.26751	34.416109999999996	1.3304085880299998	8.24191326527e+40	8.25075403927e+39	7.08477539746e+39	7.398883042190001e+38	0.6327358906589999	0.033617319939900005	2.0086612481e+43	6.56029751268e+41	1.11433765375	0.0788297090588	6.21004559676	0.309016994375	0.370130120975	0.0146683969869	1.436575143531353e+40	1.512104001807703e+39	2.25	0.5739337161370001	2.62183991	0.35676752823799995
NGC7331j	339.27417	34.41693	12.1617140951	5.88378965925e+40	5.8965602031e+39	5.7559619693e+39	6.1165318910400004e+38	0.640949485628	0.0336148615818	1.44349403622e+43	4.72463027872e+41	1.06898227651	0.075654525549	6.21004559676	0.309016994375	0.272669804976	0.0108311463814	1.1400446302002562e+40	1.2178424148458488e+39	0.97524742	0.61630501374	3.45819588	0.3629701859
